+91 60096 53247, +91 6262 515 525, +91 6284 152 367, +91 6301 208 803, +91 6301 419 927, +91 6377 893 519, +91 6388 745 415, 
+91 70270 34363, +91 70572 71003, +91 70672 07844, +91 70686 70022, +91 73311 73344, +91 74174 60142, +91 74860 30848, 
+91 75007 17959, +91 75598 02129, +91 76349 49402, +91 76578 35094, +91 76681 57673, +91 76793 97042, +91 78310 43792, 
+91 78797 76323, +91 79073 68824, +91 79790 18663, +91 79829 68903, +91 80598 73224, +91 80926 60324, +91 80988 91221, 
+91 81154 70371, +91 81491 02051, +91 82173 45820, +91 82378 33913, +91 82740 47742, +91 82759 75291, +91 83838 23254, 
+91 84189 06898, +91 84591 13923, +91 85095 53305, +91 85284 33424, +91 85953 54523, +91 86016 42103, +91 86057 27477, 
+91 87005 57013, +91 87007 20907, +91 87007 31609, +91 87084 96773, +91 87555 23677, +91 87583 25893, +91 87657 20744, 
+91 87701 19853, +91 87982 02191, +91 88120 45926, +91 88309 61818, +91 88388 64147, +91 88777 62616, +91 88821 50840, 
+91 88826 79156, +91 88966 51462, +91 89379 87601, +91 89520 85656, +91 89577 07814, +91 90084 36301, +91 90110 76098, 
+91 90228 42881, +91 90465 66195, +91 90517 79808, +91 90802 40223, 
+91 90991 13211, +91 91719 93597, +91 91725 66808, +91 91792 65940, +91 91793 25503, +91 91826 14531, +91 92440 33195, 
+91 93028 11989, +91 93165 07753, +91 93193 03973, +91 93277 83491, +91 93285 68216, +91 93341 89941, +91 93540 19177, 
+91 93700 20187, +91 93780 25418, +91 93827 78336, +91 93829 00541, +91 94281 59526, +91 94788 32577, +91 95069 19181, 
+91 95105 35734, +91 95145 19156, +91 95352 61095, +91 95462 44790, +91 95898 75913, +91 96055 05304, +91 96100 88425, 
+91 96263 07281, +91 96435 23967, +91 96556 91178, +91 96672 55363, +91 96690 04168, +91 96870 02757, +91 97412 64004, 
+91 97451 07450, +91 97510 16612, +91 97645 15143, +91 98367 65705, +91 98615 85976, +91 98704 88431, +91 99042 63378, 
+91 99574 53400, +91 99713 26885, +91 99741 67429